skyrealm:-73.38147065816935:108.0:188.2099298420465:-1760.8523:20.249998:
sky:-74.07640736822559:106.0:181.1317353692704:-1804.8022:-0.89999986:
sealab:-122.16430950121715:66.0:-248.79791133208988:-2236.96:60.599987:
anvil:-37.2751610397444:108.0:249.21517863645394:-1518.6001:40.199974:
treeg:-34.44623757521429:48.0:251.49876236207416:-3841.3481:11.099991:
bikcrib:-39.363061310597594:5.0:107.03083225477866:-5871.672:11.399706:
sealabi:-123.69999998807907:54.0:-247.94642355457367:-852.4686:10.949941:
deeptip:-54.77775173076022:11.0:296.32857055598487:-3524.1284:14.84988:
spaceneedle:88.0193067418639:105.0:-21.70665177502358:-2420.3835:17.549973:
bikcastlewater:-11.210444122336275:64.0:-148.214365453798:-2250.5818:11.399991:
aidstown:-6.5973616830306625:64.0:-148.99789253086428:-2258.2317:25.199976:
shafthaus:-23.53639526831284:28.0:276.2527441315226:-170.33513:25.500175:
