pfox__:-73.89215798345249:106.0:190.61441605325624:-2299.7996:28.349997:
amadday:47.61332687757535:76.0:-21.573629228364474:373.4427:22.591667:
moshea:-315.8952250387148:70.0:-229.65650738473462:5388.6704:32.927464:
bik:20.509179324153465:67.0:-148.96354398954324:-1709.9838:4.799893:
akyouser:230.5049443292976:64.0:-6.320775487985744:652.6485:15.150028:
tychos:-77.35606239872676:68.0:-82.16481029505603:-839.6999:13.949967:
